501 1
502 1
503 1
504 1
505 1
506 1
507 1
508 1
509 1
510 1
511 1
512 1
513 1
514 1
515 1
516 1
517 1
518 1
519 1
520 1
521 1
522 1
523 1
525 1
526 1
528 1
529 1
530 1
531 1
532 1
533 1
534 1
535 1
536 1
537 1
538 1
539 1
544 1
545 1
546 1
547 1
548 1
549 0
550 1
551 1
553 1
554 0
555 1
558 1
559 1
560 1
561 1
564 1
567 1
568 1
569 1
570 1
571 1
572 1
573 1
576 1
578 1
579 1
580 1
581 1
582 1
587 1
601 1
602 1
603 1
604 1
605 1
606 1
607 1
608 1
609 1
610 1
611 1
612 1
613 1
615 1
616 1
617 1
618 1
619 1
620 1
621 1
622 1
623 1
624 1
625 1
627 1
629 1
630 1
631 1
632 1
634 1
636 1
637 1
638 1
639 1
640 1
643 1
644 1
645 1
656 1
657 1
662 0
665 1
667 1
686 1
690 1
692 1
693 1
695 1
701 1
702 1
703 1
704 1
705 1
706 1
707 1
708 1
709 1
710 1
711 1
712 1
713 1
715 1
716 1
717 1
718 1
719 1
720 1
721 1
722 1
723 1
724 1
725 1
726 1
727 1
728 1
729 1
731 1
732 1
733 1
734 1
736 1
737 1
739 1
740 1
741 1
742 1
743 1
744 1
745 1
746 1
747 1
748 1
750 1
751 1
752 1
753 1
754 1
756 1
757 1
901 1
902 1
903 1
904 1
905 1
906 1
907 1
908 1
909 1
910 1
911 1
912 1
913 1
914 1
915 1
916 1
917 1
918 1
919 1
920 1
921 1
922 1
923 1
924 1
925 1
926 1
928 1
929 1
930 1
931 1
932 1
934 1
935 1
936 1
937 1
938 1
939 1
940 1
941 1
942 1
943 1
944 1
945 1
946 1
947 1
948 1
949 1
950 1
951 1
952 1
953 1
954 1
955 1
956 1
957 1
958 1
959 1
960 1
961 1
962 1
963 1
964 1
965 1
966 1
967 1
968 1
969 1
970 1
971 1
972 1
973 1
979 1
984 1
985 1
990 1
991 1
992 1
993 1
994 1
995 1
997 1
998 1
999 1
1000 1
1001 1
1002 1
1003 1
1005 1
1006 1
1009 1
1010 1
1011 1
1012 1
1013 1
1014 1
1015 1
1016 1
1017 1
1018 1
1019 1
1020 1
1021 1
1022 1
1023 1
1024 1
1025 1
1026 1
1027 1
1028 1
1031 1
1032 1
1033 1
1034 1
1035 1
1036 1
1037 1
1038 1
1039 1
1040 1
1041 1
1042 1
1043 1
1044 1
1045 1
1048 1
1049 1
1050 1
1051 1
1052 1
1053 1
1054 1
1055 1
1056 1
1057 1
1058 1
1059 1
1060 1
1061 1
1062 1
1063 1
1064 1
1065 1
1066 1
1067 1
1068 1
1069 1
1070 1
1092 1
1093 1
1094 1
1095 1
1096 1
1097 1
1098 1
1099 1
1104 1
1105 1
1107 1
1116 1
1117 1
1119 1
1120 1
1124 1
1125 1
1127 1
1147 1
1152 1
1157 1
1201 1
1202 1
1205 1
1207 1
1208 1
1214 1
1216 1
1217 1
1219 1
1220 1
1222 1
1226 1
1233 1
1243 1
1249 1
1251 1
1252 1
1257 1
1263 1
1279 0
1301 1
1302 1
1304 1
1352 1
1355 1
1358 1
1361 1
1366 1
1381 1
1402 1
1405 1
1408 1
1451 1
1452 1
1455 1
1460 1
1463 1
1501 1
1502 1
1504 1
1505 1
1510 1
1514 1
1516 1
1520 1
1550 1
1551 1
1552 1
1556 1
1558 1
1559 1
1562 1
1601 1
1602 1
1604 1
1605 1
1607 1
1615 1
1622 1
1701 1
1702 1
1704 1
1707 1
1708 1
1710 1
1714 1
1718 1
1734 1
1750 1
1751 1
1752 1
1753 1
1754 1
1755 1
1756 1
1757 1
1758 1
1759 1
1760 1
1761 1
1762 1
1763 1
1764 1
1765 1
1767 1
1768 1
1769 1
1770 1
1773 1
1774 1
1801 1
1812 1
1820 1
1821 1
1830 1
1912 1
1914 1
1916 1
1919 1
1930 1
1953 1
1955 1
1957 1
1964 1
1965 1
1967 1
2101 1
2102 1
2103 1
2106 1
2108 1
2112 1
2147 1
2153 1
2201 1
2203 1
2205 1
2206 1
2207 1
2209 1
2211 1
2212 1
2213 1
2216 1
2217 1
2218 1
2220 1
2221 1
2224 1
2226 1
2227 1
2229 1
2236 1
2241 1
2242 1
2243 1
2244 1
2250 1
2253 1
2257 1
2258 1
2262 1
2264 1
2265 1
2266 1
2269 1
2270 1
2274 1
2275 1
2276 1
2279 1
2285 1
2288 1
2289 1
2291 1
2298 1
2299 1
2301 1
2302 1
2303 1
2304 1
2305 1
2306 1
2307 1
2308 1
2309 1
2310 1
2313 1
2314 1
2315 1
2317 1
2321 1
2322 1
2326 1
2327 1
2328 1
2329 1
2333 1
2335 1
2336 1
2337 1
2338 1
2339 1
2352 1
2378 0
2389 1
2393 1
2394 1
2401 1
2402 1
2403 1
2404 1
2405 1
2406 1
2414 1
2420 1
2456 1
2457 1
2458 1
2473 1
2480 1
2501 1
2502 1
2503 1
2505 1
2506 1
2508 1
2510 1
2527 1
2550 1
2560 1
2571 1
2602 1
2604 1
2607 1
2608 1
2609 1
2610 1
2611 1
2612 1
2625 1
2627 1
2634 0
2654 1
2657 1
2658 1
2677 1
2725 1
2764 1
2772 1
2775 1
2795 1
2819 1
4001 1
4002 1
4003 1
4004 1
4005 1
4006 1
4007 1
4008 1
4009 1
4010 1
4011 1
4012 1
4013 1
4014 1
4015 1
4016 1
4017 1
4019 1
4020 1
4021 1
4022 1
4023 1
4024 1
4025 1
4026 1
4027 1
4028 1
4029 1
4030 1
4031 1
4032 1
4033 1
4034 1
4035 1
4036 1
4038 1
4039 1
4040 1
4041 1
4042 1
4044 1
4045 1
4047 1
4048 1
4050 1
4051 1
4052 1
4053 1
4054 1
4055 1
4056 1
4057 1
4063 1
4065 1
4066 1
4067 1
4068 1
4069 1
4070 1
4071 1
4072 1
4073 1
4075 1
4077 1
4079 1
4081 1
4082 1
4084 1
4085 1
4086 1
4089 1
4090 1
4092 1
4094 1
4096 1
4097 1
4100 1
4105 1
4106 1
4107 1
4108 1
4109 1
4111 1
4113 1
4114 1
4117 1
4118 1
4122 1
4125 1
4126 1
4129 1
4136 1
4139 1
4141 1
4150 1
4152 1
4156 1
4159 1
4161 1
4164 1
4175 1
4177 1
4178 1
4181 1
4182 1
4185 1
4188 1
4189 1
4190 1
4191 1
4194 1
4195 1
4196 1
4202 1
4205 1
4206 1
4208 1
4212 1
4213 1
4217 1
4218 1
4225 1
4227 1
4228 1
4229 1
4230 1
4235 1
4237 1
4238 1
4240 1
4244 1
4251 1
4252 1
4255 1
4256 1
4258 1
4259 1
4260 1
4261 1
4271 1
4273 1
4275 1
4277 1
4280 1
4282 1
4284 1
4285 1
4286 1
4287 1
4288 1
4289 1
4293 1
4295 1
4296 1
4297 1
4304 1
4307 1
4310 1
4314 1
4316 1
4319 1
4322 1
4326 1
4327 1
4328 1
4333 1
4335 1
4336 1
4338 1
4344 1
4345 1
4346 1
4353 1
4354 1
4356 1
4358 1
4362 1
4369 1
4371 1
4373 1
4375 1
4382 1
4383 1
4384 1
4385 1
4388 1
4390 1
4391 1
4392 1
4395 1
4396 1
4401 1
4402 1
4409 1
4420 1
4422 1
4423 1
4424 1
4426 1
4427 1
4428 1
4431 1
4432 1
4437 1
4438 1
5002 1
5015 1
5037 1
5046 1
5053 1
5055 1
5102 1
5111 1
5116 1
5119 1
5125 1
5172 1
5317 1
5319 0
5403 1
5466 1
5563 1
5583 1
5750 0
5770 1
5856 0
6023 1
6028 1
6086 1
6091 1
6097 1
6106 1
6114 1
6121 0
6122 0
6128 1
6214 1
6215 1
6219 0
6224 1
6244 1
6246 1
6249 1
6252 1
6254 1
6259 1
6260 1
6263 1
6264 1
6265 1
6321 1
6322 1
6323 1
6324 1
6405 1
6422 1
6435 1
6469 1
6493 1
6498 1
6508 1
6557 1
6835 1
7001 1
7002 1
7003 1
7004 1
7005 1
7006 1
7007 1
7009 1
7010 1
7011 1
7012 1
7013 1
7014 1
7015 1
7016 1
7021 1
7026 1
7027 1
7030 1
7031 1
7032 1
7033 1
7035 1
7036 1
7038 1
7041 1
7043 1
7047 1
7048 1
7049 1
7053 1
7054 1
7059 1
7060 1
7061 1
7063 1
7064 1
7065 1
7066 1
7067 1
7068 1
7069 1
7070 1
7071 1
7072 1
7093 1
7094 1
7095 1
7096 1
7097 1
7098 1
7099 1
7100 1
7101 1
7106 1
7107 1
7108 1
7109 1
7110 1
7111 1
7112 1
7113 1
7114 1
7115 1
7116 1
7119 1
7120 1
7122 1
7123 1
7124 1
7125 1
7126 1
7134 1
7135 1
7136 1
7137 1
7138 1
7139 1
7149 1
7150 1
7151 1
7152 1
7153 1
7154 1
7155 1
7156 1
7157 1
7158 1
7159 1
7160 1
7161 1
7162 1
7163 1
7164 1
7165 1
7166 1
7167 1
7168 1
7171 1
7172 1
7174 1
7175 1
7182 1
7186 1
7187 1
7188 1
7189 1
7190 1
7192 1
7193 1
7194 1
7195 1
7196 1
7197 1
7198 1
7200 1
7201 1
7202 1
7203 1
7205 1
7206 1
7207 1
7208 1
7209 1
7210 1
7211 1
7212 1
7213 1
7214 1
7215 1
7216 1
7217 1
7218 1
7219 1
7220 1
7221 1
7222 1
7223 1
7225 1
7226 1
7262 1
7263 1
7265 1
7266 1
7267 1
7268 1
7269 1
7270 1
7277 1
7286 1
7293 1
7296 1
7297 1
7298 1
7301 1
7312 1
7315 1
7316 1
7317 1
7318 1
7319 1
7320 1
7321 1
7322 1
7325 1
7326 1
7327 1
7333 0
7340 1
7345 1
7347 1
7353 1
7356 1
7358 1
7437 1
7439 1
7447 1
7451 1
7453 1
7455 1
7477 1
7478 1
7507 1
7511 1
7513 1
7522 1
7523 1
7524 1
7547 1
7561 1
7562 1
7563 1
7564 1
7565 1
7567 1
7568 1
7572 1
7751 1
7752 1
7753 1
7762 1
7798 1
7826 0
7828 0
7829 0
7932 1
7933 1
7934 1
7935 1
7936 1
7937 1
7938 1
7939 1
7940 1
10002 1
10003 1
10004 1
10010 1
10011 1
10012 1
10013 1
10015 1
10016 1
10017 1
10018 1
10019 1
10020 1
11538 1
12001 1
12002 1
12012 1
12020 1
12027 1
12029 1
12034 1
12042 1
12043 1
12047 1
12053 1
12063 1
12065 1
12114 1
12118 1
12119 1
12120 1
12121 1
12122 1
12123 1
12124 0
12125 1
12126 1
12127 1
12128 1
12129 1
12130 0
12135 1
12185 1
12192 1
12194 1
12206 1
12210 0
12211 0
12225 1
12241 1
12243 1
12257 1
12260 1
12302 1
12323 1
12324 1
12326 1
12354 0
12414 1
12435 1
12437 1
12576 1
12580 1
12642 0
12647 1
12700 1
12736 1
12767 1
12771 1
13006 1
13010 1
13011 1
13027 1
13036 0
13040 1
13041 1
13050 1
13066 1
13102 1
13164 1
13200 1
13202 1
13252 1
13254 1
13255 1
13256 1
13257 1
13258 1
13303 1
14529 0
14591 0
15009 1
15010 1
15011 1
15012 1
15021 1
15031 1
16000 1
16004 1
16005 1
16010 1
18000 1
18004 1
18514 1
18610 0
19903 1
19917 1
19918 1
19919 1
19920 1
