# http://openkore.com.br TEAM
# === PRESENTS ===
# THE RECV (AND SEND) PACKETS !!
035E 2
09B1 4
01B4 12
00D9 14
02B2 -1
0A08 26
098B 2
018E 10
0095 30
0920 2
0368 6
081D 22
095F 2
0826 4
09EB -1
0935 2
00C4 6
00B3 3
026A 4
00F8 2
010F -1
01F4 32
02DB -1
019E 2
024B 4
08C1 2
01B8 3
01FE 5
00E5 26
097D 288
09AE 17
0365 2
023F 2
0260 6
07F6 14
01BC 26
083A 5
021D 6
02CE 10
08E3 126
08B8 10
0886 2
09BB 6
09D1 14
021E 6
0941 2
0149 9
082C 10
01CC 9
0964 2
0881 8
0131 86
0167 3
010E 11
09FC 6
0836 -1
098C 4
09E3 8
0296 -1
01D9 53
022E 71
0972 -1
08A4 2
0910 10
027A -1
0944 2
00F4 21
0438 10
09B6 6
00CA 3
0191 86
0951 2
0858 -1
0295 -1
009F 6
0263 11
09A8 16
00D8 6
0247 8
02A6 -1
0807 4
082D -1
01CF 28
096D -1
0150 110
0268 4
011D 2
006A 23
09D8 2
09A2 6
0811 -1
0277 84
007A 58
0087 12
0835 2
08CD 10
017B -1
01E5 6
07E6 8
00CB 3
0206 11
0847 -1
0068 46
02ED 59
096F 7
09EE 11
025C 4
0248 -1
0815 -1
0082 2
09DC -1
0961 2
0274 8
09C1 10
08BC 10
0182 106
086D 2
011A 15
00C5 7
02F6 7
02D9 10
018B 4
07ED 10
00A8 7
0213 26
0983 29
024A 70
02AA 4
08CE 2
00A7 8
018D -1
022A 58
0442 -1
096E -1
0993 -1
0100 2
015C 90
0896 2
00FE 30
07F9 -1
01DB 2
00E0 30
096B 4
08BE 14
016B 10
0137 6
08B5 6
0924 2
0369 7
093F 8
0105 31
010D 2
00CF 27
08D2 10
0179 5
0098 3
0856 -1
01FB 56
0122 -1
0066 3
00BB 5
021B 10
00C9 -1
01E7 2
0A0C 56
0171 30
026B 4
0939 2
01C2 10
0165 30
086A 2
012E 2
0367 2
090A 26
0938 2
0997 -1
0913 30
09C8 -1
096C 6
0231 26
07E4 6
0208 14
01BA 26
08D7 28
0855 6
0966 2
0215 6
0291 4
00ED 2
00E9 19
0967 2
02A2 8
08A8 2
01C6 4
0873 2
08BD 8
090D -1
02DF 36
01ED 2
019C -1
0925 2
0107 10
025F 6
0903 -1
0905 -1
092A 2
0A04 6
0980 7
0A13 2
09D7 -1
081A 4
0222 6
02AC 6
08C7 -1
0233 11
088F 2
09ED 3
023C 6
0976 -1
015A 66
0845 6
011B 20
0166 -1
0445 6
008D -1
0366 90
01D6 4
08FF 24
0864 2
08CA -1
0165 30
0205 26
013F 26
0839 66
01CB 9
02F5 7
0999 11
00FA 3
0236 10
09D3 -1
00D6 3
0108 -1
0992 -1
0243 6
0297 -1
07FB 25
00C2 6
0067 37
00F3 8
01EA 6
0189 4
02CA 3
02E6 6
01E8 28
02D8 10
09F5 11
0251 34
09BE 2
08E2 27
08D4 8
013B 4
092E 2
014A 6
00BF 3
0218 2
0109 -1
00BE 5
02C4 2
0814 86
0252 -1
01DD 47
0230 12
0891 2
090F -1
0441 4
01C1 14
0813 -1
0892 2
022D 2
0157 6
00DD 29
0977 14
0965 2
00EB 2
0904 -1
09DD -1
0877 2
0837 3
0930 2
07E3 6
0A05 48
0123 -1
0841 4
08A3 2
02E0 34
086F 2
028F 6
02B8 22
01D4 6
09A3 -1
0940 26
09DA -1
0808 14
01D7 11
01F1 -1
0991 -1
01AB 12
01E1 8
08D8 27
00A3 -1
00A1 6
0089 7
083D 6
0880 2
091D 2
008E -1
0860 2
02C7 7
02D2 -1
007C 44
09BD 2
0148 8
0271 40
0844 2
006E 3
09A5 7
022B 57
080D 3
07F1 18
014E 6
02C1 -1
0821 2
01BB 26
093D 2
01B5 18
09FB -1
0121 14
02C5 30
009B 5
0187 6
029E 11
014C -1
016C 43
0240 -1
0978 6
0214 42
0444 -1
0932 2
09D9 4
08FE -1
027E -1
084B 19
01B3 67
097C 4
0918 2
01F2 20
0145 19
0103 30
02BA 11
0155 -1
0278 2
043D 8
088B 2
084A 2
012C 3
00D1 4
0448 -1
02EC 67
0136 -1
0143 10
0116 10
08DC 26
0900 -1
0869 2
07E0 58
08B6 3
0221 -1
02D3 4
09B9 4
09F1 11
0273 30
01C3 -1
0255 5
01E0 30
013C 4
02E4 6
0096 -1
0943 2
01E3 14
006C 3
0228 18
0843 6
01C0 2
0862 2
082A 10
0245 3
00B8 7
0193 6
0362 36
0181 3
0292 2
07D9 268
0929 2
029A 27
0077 5
088E 2
07E9 5
08BB 8
007F 6
01FA 48
025B 6
016E 186
025D 6
0994 -1
09A9 10
02E2 8
0198 8
0927 2
0197 4
0299 6
024E 6
011C 68
01AA 10
01E6 26
0139 16
01A0 3
0146 6
02F1 2
0113 10
08D1 7
0865 2
0130 6
08C3 10
0953 2
0A0D -1
07EE 6
0857 -1
028A 18
09DE -1
01EF -1
08A7 2
00BD 44
00B5 6
0110 10
007D 2
00B1 8
0091 22
012B 2
00CE 2
0152 -1
0162 -1
0849 12
0823 -1
01B2 -1
0267 4
08DD 27
07F8 -1
097A -1
098E -1
019A 14
0907 5
07F4 3
00D7 -1
0250 3
083C 10
044B 2
0853 -1
091C 2
095A 2
01EE -1
00DC 28
01F5 9
011F 16
08AF 10
0936 2
01A2 37
08C9 2
00AA 9
085C 2
02D6 6
094C 2
09DF 7
0984 28
027D 62
085B 2
00D4 -1
0962 2
024C 8
08D3 10
0970 31
0257 8
09FF -1
02EB 13
01A6 -1
026C 4
089C 2
0138 3
0898 2
035C 2
01BF 3
00DE -1
0223 8
088D 2
01AD -1
07DD 54
0270 2
094A 2
0298 8
07DA 6
08D0 9
09BA 2
086C 2
013E 24
09CD 8
09F4 12
0960 2
0952 2
02B0 85
01AF 4
01F3 10
02C8 3
022F 5
013D 6
09A6 12
0827 6
01B0 11
080A 18
08B0 17
0167 3
0106 10
026F 2
024F 10
0937 2
0446 14
09D2 -1
014F 6
02E7 -1
0154 -1
01F8 2
017E -1
0194 30
099D -1
0801 -1
096A 6
08BA 10
0A01 3
0290 4
093A 2
0912 10
0192 24
09F3 11
02B5 -1
08FC 30
0928 2
09C6 -1
015B 54
01BE 2
0810 3
0225 2
00FB -1
097B -1
01CA 3
09C4 8
0111 39
0177 -1
029C 66
014D 2
09B2 8
0217 2
022C 65
0363 2
099B 8
0908 5
00CC 6
089D 2
0890 2
0080 7
0073 11
00EE 2
0817 2
024D 12
00AC 7
0183 10
0800 -1
0076 9
02F2 2
00AE -1
00DB -1
0439 8
08E1 51
09B0 8
09C5 1042
009A -1
0119 13
021F 66
087A 2
087E 2
019B 10
0437 5
0259 3
02C9 3
0876 2
017D 7
01FD 15
09A0 6
0265 20
01A4 11
016A 30
028B -1
02F3 -1
00BA 2
0246 4
0A0F -1
00C6 -1
01DC -1
0885 2
0947 8
07EB -1
09AC -1
0275 37
0289 8
0848 -1
02E1 33
08DB 27
085E 2
07DC 6
08E0 51
090E 2
016C 43
0A0E 14
08DF 50
09E0 -1
09FD -1
02B1 -1
0249 3
095C 2
0281 2
0133 -1
027C 60
0144 23
0232 9
0443 8
0948 2
01D1 14
08CB -1
0227 18
0266 30
02B7 7
00F0 3
08D9 30
017A 4
07E2 8
0875 2
025E 4
091E 2
09E4 8
089B 2
0A02 4
0998 8
035F -1
0443 8
02C6 30
01F7 14
08AC 2
0804 14
092C 2
094B 2
07FA 8
0153 -1
019D 6
02EA -1
0285 6
00F2 6
080E 14
0224 10
0974 2
08DA 26
092B 2
00D0 3
01B6 114
088A 2
0078 55
0161 -1
08C4 8
00A0 23
0070 3
01F0 -1
092D 2
02BC 6
091B 2
00DF -1
0973 7
08FD 6
025A -1
084C 10
00A9 6
0824 6
0861 2
0921 2
0104 79
0956 2
01EB 10
09EF 11
0436 2
0449 4
0A06 6
015E 6
02AB 36
01FF 10
07F3 6
09CC -1
027F 8
007E 6
08B9 12
09D6 -1
02D5 2
0279 2
099F -1
018C 29
085F 2
089A 2
08BF 8
00EF 2
09E8 11
00F6 8
023E 8
01D2 10
0196 9
0942 2
0102 6
0931 2
0199 4
09C7 18
0081 3
0958 2
0071 28
084E 5
0887 2
07DF 54
0115 35
0242 -1
00C0 7
0A0A 47
08C2 2
027B 14
0851 -1
029F 3
0894 2
0238 282
0361 2
044A 6
0990 31
02D7 -1
07DE 30
01DA 60
023D 6
00E4 6
0188 8
012D 4
0859 -1
0126 8
0190 90
00A4 -1
0846 4
043F 25
09B3 4
02B9 191
087D 2
0282 284
00E3 2
035D -1
0234 6
07FD -1
02D1 -1
0818 -1
0175 6
0085 5
02CB 65
0945 2
09AD 10
09CA -1
0097 -1
0879 2
00D5 -1
0086 16
0112 4
08AA 2
00E8 8
02DD 32
0364 2
0099 -1
00E7 3
07EF 8
09A1 2
0129 8
087C 5
00FC 6
028D 34
0084 2
09F9 143
02EE 60
09F8 -1
0899 2
094D 6
0178 4
08D5 -1
08B3 -1
01A5 26
0147 39
0A00 269
0237 2
0922 2
0888 2
0151 6
08A1 2
08DE 27
00FF 10
0901 -1
07DB 8
02BB 8
0893 2
026D 4
0819 -1
0094 6
02E8 -1
00E2 26
043E -1
0933 2
0216 6
01D5 -1
09E6 22
0916 26
0288 6
0261 11
00F5 8
08E4 6
09BF 4
01C9 97
08B4 2
01C5 22
008C -1
01F9 6
08A6 2
07D8 8
087B 2
00B0 8
0276 -1
0229 15
0914 -1
0985 -1
08CF 10
081C 10
00D3 2
00DA 3
0816 6
0995 -1
019F 6
016B 10
09EA 11
0911 30
0986 10
0163 -1
017F -1
093C 2
0127 8
0934 18
0840 -1
09CE 102
09B4 6
07D7 8
01BD 26
099A 9
095E 2
0854 -1
08C6 4
00B7 -1
01D3 35
017C 6
0142 6
00D2 4
00CD 3
0A07 7
0981 -1
02E9 -1
0253 3
09DB -1
0A12 27
0065 17
084F 6
0124 21
0284 14
0882 2
0180 6
02A5 8
086B 2
0118 2
0286 4
021A 282
0868 2
0220 10
085A 2
09A4 18
08B2 -1
0114 31
00E6 3
007B 60
0982 7
07E5 4
0075 -1
02C2 -1
0272 44
00BC 6
0132 6
0820 11
08CC 109
093B 2
0254 3
0093 2
09C3 8
01B1 7
0805 -1
07F0 6
00AF 6
011E 3
09B5 2
0917 2
07E8 -1
0863 5
09F2 12
081B 10
029D -1
07EC 2
02D4 29
0889 2
0963 2
092F 2
01AC 6
09BC 6
00EA 5
0902 -1
020D -1
0169 3
0878 2
01C7 2
01CD 30
09C2 -1
0968 2
097E 12
015F 42
0184 10
02DE 6
009D 17
084D 10
0287 -1
09F6 11
02B6 7
01A1 3
09D4 2
00B9 6
028C 46
08A0 2
0239 11
00F7 2
023A 4
07E7 32
0293 70
081F -1
0226 282
0447 2
0083 2
09E5 18
0955 2
0101 6
0069 -1
083E 26
0829 12
0203 10
08B1 -1
0884 6
00A6 -1
0269 4
028E 4
00EC 3
0828 14
0219 282
089E 2
0987 -1
0264 20
0160 -1
02E5 5
02E3 10
09FA -1
023B 2
01A9 6
09F0 -1
09CB 17
01DE 33
016D 14
07F7 -1
0141 14
0803 4
0996 -1
0262 11
089F 2
0170 14
013A 4
098A -1
0838 12
097F -1
02CF 6
08D6 6
006F 2
02B4 6
0975 -1
0090 7
0360 6
0195 102
0117 18
07FE 26
0241 6
0979 50
09D5 -1
0897 2
021C 10
08AD 4
09AF 4
0A09 45
00A5 -1
00C7 -1
0166 -1
0915 -1
0954 2
0883 2
01B7 6
085D 2
010B 6
020A 10
081E 8
0842 6
0168 14
0870 2
0988 6
015D 42
0201 -1
0169 3
0244 6
00C3 8
02CD 71
099E 12
09EC -1
0946 2
0134 -1
095B 2
091A 2
01AE 4
0176 106
091F 19
009C 9
09D0 -1
0906 -1
03DD 18
006D 126
0866 2
0A0B 47
095D 2
01CE 6
0802 2
09F7 75
0173 3
0088 10
00B2 3
02AD 8
08A2 2
0812 8
0207 34
0120 6
0072 19
0950 2
01D8 54
0202 26
08A5 2
0185 34
00B4 -1
0092 28
01A7 4
00FD 27
0895 2
0949 2
083B 2
0989 2
00C1 2
09CF -1
02B3 107
09B8 6
09AB 6
094E 2
01DF 6
0440 10
0125 8
098F -1
03DE 18
0283 6
02D0 -1
029B 80
07FC 10
07F2 8
02EF 8
016F 182
086E 2
0872 2
008A 29
0280 12
09C9 -1
00B6 6
0867 2
01A3 5
0957 2
02A7 -1
0871 2
020E 32
0256 5
082B 6
0200 26
0258 2
0074 3
01C4 22
0294 10
0809 50
01B9 6
00AB 4
08A9 2
0209 36
088C 2
09B7 4
0969 2
01EC 26
08C8 34
02DA 3
0926 2
0825 -1
008B 23
0212 26
01FC -1
014B 27
09E7 2
0874 2
00C8 -1
00E1 30
09AA 16
0919 2
0204 18
012A 2
08C0 -1
009E 17
0959 2
0850 7
0971 6
006B -1
0064 55
0174 -1
09E2 8
01E2 34
09E9 2
09A7 10
080B 6
08C5 6
09E1 8
010A 4
01E4 2
080F 20
00F9 26
01D0 8
02F4 3
018A 4
0140 22
099C 6
07EA 2
0168 14
01C8 13
018F 6
08AB 2
093E 2
0079 53
07E1 15
00F1 2
09FE -1
0923 2
080C 2
094F 2
0A10 -1
016A 30
0172 10
0135 7
012F -1
0806 2
0235 -1
087F 2
07F5 6
0A11 -1
0159 54
010C 6
02F0 10
0128 8
0164 -1
02CC 4
0852 2
01A8 4
00A2 6
01E9 81
0A03 2
02DC -1
01F6 34
098D -1
0156 -1
0822 9
